;VIP = 1699, PID = 3431
;Bit_Value_At_On_Position	Bit_Report_Number	Control/Meaning
;Digital Switches
0000 0000 0000 0000 0000 0000 0000 0001	0	MASTER BAT.
0000 0000 0000 0000 0000 0000 0000 0010	0	MASTER ALT.
0000 0000 0000 0000 0000 0000 0000 0100	0	AVIONICS MASTER
0000 0000 0000 0000 0000 0000 0000 1000	0	FUEL PUMP
0000 0000 0000 0000 0000 0000 0001 0000	0	DE-ICE
0000 0000 0000 0000 0000 0000 0010 0000	0	PITOT HEAT
0000 0000 0000 0000 0000 0000 0100 0000	0	COWL
;~LIGHTS~ Switches
0000 0000 0000 0000 0000 0000 1000 0000	0	PANEL
0000 0000 0000 0000 0000 0000 0000 0001	1	BEACON
0000 0000 0000 0000 0000 0000 0000 0010	1	NAV.
0000 0000 0000 0000 0000 0000 0000 0100	1	STROBE
0000 0000 0000 0000 0000 0000 0000 1000	1	TAXI
0000 0000 0000 0000 0000 0000 0001 0000	1	LANDING
;~Landing Gear~ Switch
0000 0000 0000 0000 0000 0000 0000 0100	2	LANDING GEAR (UP)
0000 0000 0000 0000 0000 0000 0000 1000	2	LANDING GEAR (DOWN)

;Radial Switch
0000 0000 0000 0000 0000 0000 0010 0000	1	OFF
0000 0000 0000 0000 0000 0000 0100 0000	1	R
0000 0000 0000 0000 0000 0000 1000 0000	1	L
0000 0000 0000 0000 0000 0000 0000 0001	2	BOTH/ALL
0000 0000 0000 0000 0000 0000 0000 0010	2	START

;Lights
;can't get lights to turn on -.-
0000 0000 0000 0000 0000 0000 0000 0000	0	N (OFF)
0000 0000 0000 0000 0000 0000 0000 0000	0	L (OFF)
0000 0000 0000 0000 0000 0000 0000 0000	0	R (OFF)